 fc9d2ee0 	20.466	4.555	4264	4573
 f5596247 	69.691	30.591	3834	4563
 db8899a9 	136.983	61.09	8234	9958
 ea49472c 	21.882	1.377	1920	1902
 e1ede951 	8.137	5.099	2497	2670
 32375b12 	203.937	109.74	5341	6537
 1809b83a 	14.149	0.999	987	1197
 2abda1eb 	3.953	2.671	324	351
 7b5c0112 	3.399	1.995	243	253
 0b28dbba 	23.517	26.733	324	352
 76a48d05 	3.991	2.649	324	351
 5a907139 	17.774	12.615	484	553
 3aa3fe44 	26.303	19.184	483	555
 abb23bf2 	11.101	0.81	989	1207
 073e5c0f 	2.966	1.307	163	164
 8e24ec09 	0.783	0.613	1328	1715
 e68b600c 	5.752	3.477	324	352
 341e5658 	4.782	2.6	243	253
 dcfd6c9a 	23.541	26.756	324	352
 6bac7635 	5.639	3.465	324	354
 a2c9a62f 	17.712	12.446	484	554
 a54ef2b3 	26.209	19.155	484	555
 26cb98f4 	14.708	1.297	1331	1720
 0f27dcb5 	6.57	3.565	324	355
 de6a1842 	0.779	0.691	1488	1999
 da51067a 	6.218	3.986	324	351
 27ba654a 	5.18	2.985	244	257
 a2ed8df8 	23.547	26.301	323	351
 d46e2d87 	6.252	3.972	324	352
 6a557b80 	17.725	12.833	485	555
 d7354545 	26.297	19.342	485	554
 7b8e362e 	16.484	1.613	1474	2005
 5f8e4506 	6.487	3.983	324	358
 3732f058 	0.8	0.691	1487	2008
 21676af8 	237.696	69.786	491	584
 cf604581 	6.287	3.988	323	353
 951c57b8 	17.719	12.805	485	556
 d5cd5788 	17.91	5.688	124	127
 1acdfead 	5.072	0.399	369	433
 edab0e3a 	0.492	0.786	997	1260
 bafe8771 	9.117	9.308	248	279
 39c46761 	6.681	6.195	165	176
 bf7a39de 	9.677	7.31	165	176
 4c4f3289 	24.71	10.544	246	279
 395d3cba 	6.685	6.201	165	176
 76309cb0 	16.641	7.125	165	176
 52e87846 	9.57	7.318	165	176
 bccaa591 	16.528	7.067	165	176
 bdd68022 	14.348	10.552	246	279
 5f45db2f 	10.241	1.172	993	1241
 3a509e4b 	9.233	9.01	247	279
 d7961be6 	0.487	0.794	1000	1223
 2c5f0c57 	9.273	9.007	246	279
 36712ef2 	7.912	7.503	206	228
 bd596808 	14.993	10.14	205	227
 9fab0e2b 	30.857	12.769	247	278
 ee0fd9f9 	8.083	7.501	206	228
 ee4bd657 	26.565	10.009	206	227
 69d56f09 	14.816	10.193	205	227
 074c22c2 	26.359	10.053	206	227
 a03a0bc1 	18.077	12.934	246	279
 187c49e3 	10.299	1.17	983	1255
 ed8bb7f2 	9.495	9.291	247	279
 1002bc0b 	0.518	0.794	989	1250
 7659fca2 	9.316	9.312	246	279
 38c6eeae 	7.838	7.753	205	227
 b7f27ef1 	14.971	10.049	206	227
 5f2dc4d6 	30.86	12.815	246	279
 56c14fa4 	7.955	7.738	205	228
 eb0353ae 	25.932	10.244	206	228
 4e9d3118 	14.899	10.156	205	229
29178964	25.741	10.082	205	227
 56c8af72 	17.94	12.76	246	279
 e31c5f90 	10.293	1.172	993	1225
 3c9daa1f 	9.397	9.821	247	278
 f089d9f5 	0.49	0.797	990	1255
 b40ffeca 	9.23	9.831	252	278
 b4170a0e 	9.091	9.827	246	279
 2d66c804 	21.349	16.351	245	279
 92a2b256 	36.974	15.771	245	279
 f8520570 	9.108	9.842	251	279
 b546643b 	37.177	15.813	244	279
 0e06522c 	21.324	16.141	245	279
13059362	37.3	15.815	245	279
 b8266ff2 	21.499	16.043	245	279
 bb69ee1e 	10.345	1.164	992	1256
 f155b0bd 	9.469	9.299	245	279
 e090caf1 	0.476	0.793	984	1257
 4b5dc529 	9.281	9.286	245	279
 d644cc07 	24.069	16.188	11	11
 5edfc99d 	9.137	9.286	245	279
 486ec237 	21.443	16.192	245	279
 eacc3c50 	37.011	15.853	246	278
 d94e89d5 	15.346	9.719	7	7
 c4987b6e 	3.024	0.267	26	26
 a6be3725 	0.121	0.566	42	42
86850187	6.134	10.13	11	11
31610967	7.162	12.148	14	13
 33e38e52 	34.208	5.727	13	13
 d110fc5b 	42.607	6.005	15	13
 d23ab30d 	0.076	0.402	26	25
 add6f42c 	8.613	14.184	15	15
 b5945541 	30.965	43.767	13	13
 299defc5 	34.057	5.791	13	13
 be7118a4 	42.627	6.098	13	13
 2005cf87 	0.079	0.403	26	26
 3f64abaa 	3.729	0.425	42	42
 4525e614 	3.894	6.147	7	7
 0a290589 	0.319	0.905	66	67
 51dda3d7 	10.225	16.328	11	11
 5b3aed1b 	11.945	19.582	13	13
 8387be6c 	34.18	5.884	13	13
 0f6cc30b 	42.48	6.245	13	13
 cde9d4eb 	0.075	0.4	26	26
 236b7e0b 	14.478	22.847	15	15
 6e8820c0 	30.849	43.621	13	13
 b5583b68 	33.973	5.728	13	13
 b786a898 	42.453	6.076	13	13
 5bddc2eb 	0.085	0.401	26	26
 33013ffa 	6.001	1.169	66	66
 5186a3f0 	7.404	9.717	7	7
 cd64e9fe 	0.305	0.905	66	66
 b22146f8 	0.549	0.089	9	9
 57a8cf75 	14.547	40.713	5	5
 8063ed2a 	0.015	0.012	10	10
 86332ce2 	0.071	0.164	0	0
