1 64 256 512
1 64 256 512
1 64 128 256
1 128 128 256
1 128 128 256
1 128 64 128
1 256 64 128
1 256 64 128
1 256 64 128
1 256 32 64
1 512 32 64
1 512 32 64
1 512 32 64
1 512 16 32
1 512 16 32
1 512 16 32
1 512 16 32
1 512 16 32
1 512 16 32
1 512 16 32
1 512 32 64
1 512 32 64
1 512 32 64
1 512 32 64
1 512 32 64
1 512 32 64
1 512 32 64
1 512 32 64
1 512 32 64
1 512 32 64
1 512 32 64
1 512 32 64
1 512 32 64
1 512 32 64
1 256 64 128
1 256 64 128
1 256 64 128
1 256 64 128
1 256 64 128
1 256 64 128
1 256 64 128
1 256 64 128
1 256 64 128
1 256 64 128
1 256 64 128
1 256 64 128
1 256 64 128
1 256 64 128
1 128 128 256
1 128 128 256
1 128 128 256
1 128 128 256
1 128 128 256
1 128 128 256
1 128 128 256
1 128 128 256
1 128 128 256
1 128 128 256
1 128 128 256
1 128 128 256
1 128 128 256
1 128 128 256
1 64 256 512
1 64 256 512
1 64 256 512
1 64 256 512
1 64 256 512
1 64 256 512
1 64 256 512
1 64 256 512
1 64 256 512
1 64 256 512
1 64 256 512
1 64 256 512
1 64 256 512
1 64 256 512
1 2 256 512
1 4 256 512
1 2 256 512
1 2 256 512
1 4 256 512
